Start : 2020-09-27 11:44:07.044454___________________________________________
[INFO] opening video file...  D:/GithubProjects/INT353_Senior-Project/oneMin.mp4
0
0
0
0
10
7
0
0
0
0
0
0
0
0
0
0
0
0
0
0
0
0
0
0
0
0
0
0
0
0
0
0
0
0
0
0
0
0
0
0
0
0
0
0
0
0
0
0
0
0
0
0
0
0
0
0
0
87
101
104
112
115
113
116
127
164
28
0
0
0
0
0
0
0
0
0
2
51
88
109
121
126
126
134
129
119
125
135
135
3
0
2
0
3
1
2
0
19
13
8
14
17
80
93
94
106
106
108
108
108
110
114
131
131
125
16
12
13
14
13
16
12
10
9
12
9
8
9
9
9
34
92
108
100
113
102
102
109
123
201
77
28
8
36
7
37
8
28
7
12
11
6
57
89
107
112
139
125
138
125
134
191
89
10
7
9
8
7
6
8
9
9
6
21
5
10
4
33
79
77
82
85
91
90
91
104
149
41
2
16
3
13
1
6
1
13
0
8
1
3
38
95
107
104
107
108
108
110
161
188
1
7
3
15
2
11
2
9
1
1
3
6
82
68
79
87
93
94
94
94
94
138
39
2
2
1
3
2
2
1
1
2
0
0
0
0
19
73
84
95
112
111
109
119
195
14
0
1
0
1
1
2
0
0
9
0
9
0
9
1
8
0
4
59
74
88
98
106
112
117
121
124
119
111
150
6
2
0
1
1
1
0
0
0
0
0
0
0
0
62
94
97
102
102
104
104
107
108
111
123
161
137
64
2
1
0
0
1
0
0
0
1
6
78
96
94
99
102
100
106
102
146
227
70
7
2
0
0
0
0
1
0
0
0
8
66
93
99
106
111
114
120
123
156
213
13
2
5
5
6
0
2
1
0
0
0
1
0
1
0
0
20
68
84
97
103
108
111
114
124
187
65
0
0
0
0
0
0
0
0
0
0
0
0
19
64
69
71
72
75
75
84
84
92
151
71
1
0
1
0
0
0
0
0
0
0
0
0
0
0
0
0
8
33
60
81
95
98
102
103
103
106
135
35
0
0
0
0
0
0
0
0
0
0
0
0
0
13
71
66
78
82
88
89
87
92
133
41
7
0
2
0
0
0
0
0
0
0
0
13
53
55
57
70
75
70
75
89
123
121
5
0
0
0
0
0
8
6
14
2
13
4
32
93
94
104
109
110
107
138
121
7
2
12
5
8
0
8
0
1
0
0
3
21
79
87
106
108
114
113
112
107
121
205
120
1
0
6
0
9
0
11
0
14
0
11
0
73
79
96
97
95
93
109
154
107
18
0
1
0
0
0
0
0
0
3
0
1
0
1
0
6
55
85
88
93
93
97
94
94
144
156
22
0
0
0
0
0
0
0
0
0
0
43
74
73
77
84
88
93
96
92
92
101
121
0
0
0
0
1
0
6
0
8
0
5
0
3
26
70
82
92
101
106
106
106
119
48
0
1
0
0
0
0
0
0
0
0
0
0
20
76
78
84
88
88
88
84
89
149
167
46
0
0
0
0
0
0
10
0
5
0
56
70
83
91
94
97
94
96
104
152
125
7
0
0
1
0
1
0
1
0
1
4
68
68
67
75
80
72
66
76
145
78
0
7
2
7
5
7
0
2
0
7
16
45
60
60
62
64
65
67
67
68
89
147
100
0
0
0
0
0
0
0
0
0
0
1
0
37
72
76
84
88
86
86
89
92
95
113
172
121
3
0
End : 2020-09-27 11:44:53.947102___________________________________________
