Start : 2020-09-27 11:44:07.044454___________________________________________
[INFO] opening video file...  D:/GithubProjects/INT353_Senior-Project/oneMin.mp4
0
0
0
0
0
0
0
0
0
0
0
0
0
0
0
0
0
0
0
0
0
0
0
0
0
0
0
0
0
0
0
0
0
0
0
0
0
0
0
0
0
0
0
0
0
0
0
0
0
0
0
0
0
0
0
0
0
0
0
0
0
34
42
49
58
69
71
71
71
71
71
71
65
58
51
44
36
32
30
0
0
33
33
42
50
58
66
75
75
76
76
76
76
76
73
67
60
53
45
37
0
0
0
0
0
30
37
44
44
44
51
58
67
67
75
75
75
75
75
75
71
66
60
53
47
41
34
0
0
0
0
0
0
0
36
42
42
48
56
69
73
74
74
76
76
78
76
72
65
59
52
46
43
40
34
36
44
52
58
66
73
85
89
89
89
89
89
86
80
73
67
58
50
42
34
0
0
0
0
0
0
0
35
40
46
52
61
64
62
63
63
63
61
56
51
47
41
35
0
0
0
0
0
0
33
40
46
53
64
76
75
76
76
77
76
75
68
62
55
48
41
34
32
0
0
0
30
36
42
42
42
51
53
53
52
52
52
52
52
47
42
37
31
0
0
0
0
0
0
0
0
33
40
48
61
62
62
62
62
62
62
61
56
50
44
37
30
0
0
0
0
0
0
0
0
0
0
31
38
45
53
61
69
76
86
85
86
85
81
77
71
64
57
50
42
34
0
0
0
0
0
0
0
30
37
44
51
58
66
74
85
94
98
98
94
88
81
75
68
61
54
47
40
38
36
32
0
32
38
45
52
62
77
81
82
82
82
81
76
70
64
57
50
44
37
35
31
0
0
32
39
47
56
66
80
81
81
81
81
82
81
77
71
64
57
50
42
34
0
0
0
0
0
0
0
0
32
39
47
55
67
72
72
72
72
72
70
66
60
54
47
40
32
0
0
0
0
0
0
0
0
35
35
41
51
56
56
56
56
56
55
50
46
41
36
31
0
0
0
0
0
0
0
0
0
0
0
0
31
38
45
52
61
63
63
63
63
63
61
57
51
45
38
32
0
0
0
0
0
0
0
0
0
32
38
44
53
56
56
56
56
56
55
51
46
41
35
30
0
0
0
0
0
0
0
0
31
37
45
53
53
53
53
53
52
49
46
42
39
34
30
0
0
0
0
0
31
39
46
55
63
63
63
63
63
63
62
61
55
48
41
34
0
0
0
0
0
0
36
43
50
57
64
78
86
86
86
86
85
80
74
68
61
54
47
40
33
0
0
0
0
32
38
45
55
62
63
63
62
62
61
61
56
51
44
38
32
0
0
0
0
0
0
0
0
0
0
34
41
47
56
67
68
68
68
68
68
64
58
52
46
40
34
30
0
0
0
0
0
35
41
48
54
60
68
68
68
68
66
61
56
51
46
40
34
0
0
0
0
0
0
0
0
33
40
47
54
58
57
57
57
57
57
55
50
45
39
32
0
0
0
0
0
0
0
0
34
40
46
56
67
70
70
70
70
69
64
58
53
48
42
36
34
33
0
0
0
33
40
46
53
63
71
71
71
71
71
67
63
57
51
45
38
32
30
0
0
0
0
0
33
38
48
53
53
53
53
54
54
50
45
41
36
31
0
0
0
0
0
0
0
31
35
39
44
54
61
61
60
59
56
52
48
44
40
35
31
0
0
0
0
0
0
0
0
35
41
47
53
61
72
80
80
80
End : 2020-09-27 11:44:53.947102___________________________________________
