Start : 2020-09-27 11:44:07.044454___________________________________________
[INFO] opening video file...  D:/GithubProjects/INT353_Senior-Project/oneMin.mp4
255.0
255.0
255.0
255.0
9.454057971014493
6.128454106280193
1.1945893719806764
0.898695652173913
0.332512077294686
0.20942028985507247
0.25864734299516906
0.21555555555555556
0.2278743961352657
0.16628019323671497
0.08603864734299517
0.03685990338164251
0.06763285024154589
0.08613526570048309
0.07995169082125604
0.07995169082125604
0.1783574879227053
0.17821256038647343
0.17207729468599034
0.1536231884057971
0.14743961352657003
0.14130434782608695
0.09821256038647343
0.17217391304347826
0.14758454106280194
0.09222222222222222
0.09227053140096618
0.11676328502415459
0.1413526570048309
0.11681159420289855
0.12294685990338164
0.08613526570048309
0.08
0.08608695652173913
0.0614975845410628
0.043043478260869565
0.06144927536231884
0.06758454106280193
0.07371980676328502
0.10449275362318841
0.6457971014492754
1.6305797101449275
1.9633816425120774
1.93256038647343
2.4132367149758456
11.367971014492754
26.431690821256037
38.56487922705314
44.89748792270532
50.871642512077294
58.83014492753623
65.92966183574879
75.7587922705314
80.75415458937198
83.1680193236715
88.05961352657005
91.6380193236715
92.38386473429952
91.78067632850241
90.7324154589372
83.5927536231884
75.7147342995169
67.66463768115942
58.26492753623189
50.12280193236715
38.043091787439614
24.128357487922706
18.456280193236715
13.257874396135266
7.820338164251208
6.001642512077295
15.224347826086957
23.074106280193238
32.49256038647343
41.8175845410628
51.49333333333333
62.87695652173913
104.50816425120773
158.78381642512076
78.0831884057971
78.6683574879227
75.6987922705314
75.08826086956522
70.83874396135266
215.51082125603864
42.48951690821256
32.006521739130434
19.882173913043477
6.983864734299517
4.722463768115942
2.1384057971014494
3.344685990338164
2.440434782608696
14.6943961352657
9.955410628019324
19.335555555555555
36.1204347826087
45.55024154589372
52.16289855072464
64.91275362318841
76.66260869565217
86.55608695652174
92.30299516908212
96.26961352657005
180.97038647342995
170.77410628019322
99.42367149758454
98.40400966183574
111.95550724637681
199.6262801932367
88.32700483091787
78.83608695652174
74.39632850241546
68.50048309178744
61.93473429951691
57.22869565217391
53.90903381642512
44.762367149758454
35.72106280193237
25.52743961352657
19.99864734299517
24.683719806763285
40.18917874396135
49.94391304347826
58.01130434782608
67.68367149758454
72.28173913043479
78.93376811594203
84.29082125603864
82.92473429951691
86.86811594202898
80.49410628019324
228.74966183574878
81.98864734299516
79.28048309178745
82.34570048309179
73.00961352657005
75.58864734299517
63.44545893719807
71.94855072463768
56.41652173913044
65.31864734299516
49.979903381642515
52.76294685990338
39.724444444444444
33.51347826086957
39.060434782608695
44.312125603864736
60.95903381642512
61.670144927536235
82.20608695652174
81.10178743961353
93.26371980676329
86.69400966183575
110.8691304347826
148.97212560386473
88.09154589371981
81.51425120772947
72.90695652173913
66.84545893719807
64.08144927536232
63.226038647342996
60.20777777777778
58.60135265700483
54.8516425120773
51.07521739130435
44.36154589371981
39.03057971014493
28.2180193236715
34.74642512077295
37.31990338164251
55.44207729468599
67.26067632850241
74.77478260869565
79.27753623188406
79.53125603864734
82.76942028985508
80.69545893719807
97.6275845410628
72.67091787439614
72.26236714975846
66.30144927536232
65.76323671497585
60.364782608695656
54.53743961352657
53.95164251207729
43.58280193236715
41.14695652173913
31.0580193236715
25.554251207729468
16.76294685990338
15.635024154589372
25.67048309178744
38.9219806763285
44.05642512077295
55.20304347826087
65.72990338164252
72.94115942028985
80.44028985507246
81.21342995169083
84.51811594202898
80.30314009661836
77.87512077294686
74.94545893719807
73.4787922705314
70.53193236714976
61.39463768115942
56.711400966183575
48.74231884057971
45.61396135265701
32.65545893719807
29.00376811594203
16.486763285024153
13.230917874396136
13.400772946859904
27.9287922705314
40.14091787439614
48.92772946859903
61.622270531400964
65.23091787439614
64.95830917874396
66.58574879227054
67.41734299516908
65.52613526570049
65.63806763285024
214.85260869565218
209.99381642512077
58.65830917874396
53.61521739130435
42.79922705314009
34.62072463768116
21.22584541062802
16.105942028985506
10.5312077294686
7.9253623188405795
5.53584541062802
5.282850241545893
11.182270531400967
16.227777777777778
21.562995169082125
28.795217391304348
36.87753623188406
46.52183574879227
55.43270531400966
64.36797101449275
69.09908212560387
74.99806763285024
76.16376811594203
78.15212560386473
80.13623188405798
86.1103381642512
75.62599033816426
70.82859903381643
68.5183574879227
64.1096618357488
61.04183574879227
55.980096618357486
48.20227053140096
41.45990338164251
31.83231884057971
25.611256038647344
12.465410628019324
14.856231884057971
8.517391304347827
12.601690821256039
8.375314009661835
13.77207729468599
12.354927536231884
18.068599033816426
26.732608695652175
34.17840579710145
43.607971014492755
53.38202898550725
60.250579710144926
66.36178743961352
69.38463768115942
69.27454106280193
66.81067632850241
62.99632850241546
57.72995169082126
53.91222222222222
49.170966183574876
44.77236714975845
40.564589371980674
35.53632850241546
31.004685990338164
27.316038647342996
22.81376811594203
17.756376811594205
14.183333333333334
15.124492753623189
25.630144927536232
34.89632850241546
46.31574879227053
55.96816425120773
67.96014492753623
71.17502415458937
75.94173913043478
77.17391304347827
77.72260869565217
79.02748792270532
79.57502415458937
79.18599033816425
76.82
74.4184541062802
74.16830917874397
73.42222222222222
69.17280193236715
66.29647342995169
62.915845410628016
56.54135265700483
47.43096618357488
39.134830917874396
30.979565217391304
32.74062801932367
41.66550724637681
48.34057971014493
55.219661835748795
62.082367149758454
63.78236714975846
69.21362318840579
72.98400966183574
75.21256038647343
76.39584541062801
79.4812077294686
79.8204347826087
78.18222222222222
77.83599033816425
75.39183574879227
70.42787439613527
64.37202898550724
63.98299516908212
58.35647342995169
54.166280193236716
47.82541062801933
40.21333333333333
37.71270531400966
34.85367149758454
37.45589371980677
38.92864734299517
49.479903381642515
56.66149758454106
65.26545893719806
65.50169082125603
67.62463768115941
70.19792270531401
71.12251207729469
73.1115458937198
75.37927536231884
76.8151690821256
71.78898550724638
65.42613526570048
60.67642512077295
63.70874396135266
174.30434782608697
40.373236714975846
30.789420289855073
26.249468599033815
21.4768115942029
16.944299516908213
12.36855072463768
11.740821256038647
11.925603864734299
11.236618357487922
15.022318840579711
26.82903381642512
37.66289855072464
44.008405797101446
50.94391304347826
58.70937198067633
63.22492753623188
65.41816425120773
66.86429951690822
68.78536231884058
70.66338164251208
71.41623188405796
70.486038647343
66.01985507246377
61.634492753623185
60.083623188405795
56.216038647343
52.93961352657005
49.995555555555555
47.26661835748792
42.709420289855075
37.58975845410628
34.41111111111111
29.927729468599033
27.684589371980675
30.26024154589372
39.67714975845411
50.8143961352657
57.545072463768115
61.84434782608696
62.1083574879227
60.525942028985504
57.63091787439613
64.20942028985507
184.20111111111112
58.25096618357488
59.506425120772946
57.86903381642512
53.98309178743961
51.97734299516908
48.87386473429952
47.08314009661836
42.728115942028985
38.63227053140097
33.14367149758454
26.39246376811594
21.390676328502416
15.293864734299516
11.205458937198067
10.447971014492754
10.34352657004831
10.521690821256039
12.1343961352657
17.67487922705314
26.730917874396134
37.00144927536232
46.119468599033816
53.38342995169082
58.11512077294686
60.565893719806766
60.74333333333333
60.16497584541063
59.82628019323671
60.34951690821256
59.30236714975845
57.750048309178744
59.240869565217395
60.257777777777775
60.68367149758454
59.765410628019325
57.25797101449275
53.4387922705314
48.15415458937198
42.58014492753623
38.7927536231884
35.09545893719807
28.18521739130435
23.108599033816425
27.684927536231886
40.43396135265701
51.69690821256039
60.60840579710145
70.25265700483092
68.06270531400966
70.88342995169081
71.16019323671497
71.71830917874397
69.26260869565218
70.1752657004831
62.33763285024155
56.452512077294685
48.584347826086955
41.953478260869566
33.26473429951691
21.094975845410627
13.655024154589372
11.69608695652174
10.661449275362319
15.102608695652174
26.354347826086958
34.40014492753623
40.024202898550726
45.593140096618356
47.943429951690824
49.46565217391304
52.64632850241546
53.20425120772947
54.86594202898551
54.132125603864736
54.40908212560387
54.74855072463768
53.868743961352656
50.79618357487923
43.903719806763284
42.038695652173914
38.552512077294686
37.12256038647343
30.522270531400967
29.51096618357488
20.48376811594203
26.653188405797103
38.20603864734299
50.8331884057971
55.53386473429952
68.43
73.80473429951691
78.8103381642512
79.71178743961353
83.83082125603865
80.93062801932368
78.09130434782608
74.33
64.79294685990338
57.96753623188406
54.161787439613526
51.74521739130435
42.8363768115942
38.2043961352657
28.78463768115942
25.724106280193237
16.20328502415459
18.853091787439613
21.79695652173913
26.478985507246378
36.38154589371981
41.35975845410628
55.334057971014495
60.739082125603865
74.19072463768116
74.54666666666667
80.82661835748792
79.19169082125605
80.57782608695652
77.60913043478261
74.86207729468599
69.20661835748793
62.36869565217391
56.61053140096618
52.05671497584541
51.26574879227053
42.608937198067636
42.388888888888886
33.35772946859903
31.278550724637682
19.297729468599034
20.471980676328503
11.795700483091787
31.449661835748792
37.54584541062802
49.328212560386476
64.03908212560387
71.18323671497585
76.97420289855073
77.19057971014493
76.9187922705314
75.62454106280194
71.13888888888889
63.545797101449274
61.180386473429955
59.498599033816426
56.194057971014495
58.06937198067633
52.630772946859906
46.33420289855072
40.697826086956525
36.95227053140096
31.546570048309178
28.56990338164251
21.66893719806763
20.188599033816423
17.20280193236715
22.041159420289855
32.462125603864735
44.9731884057971
49.591159420289856
59.754444444444445
63.24091787439613
66.45458937198067
66.36908212560387
67.68739130434783
69.36202898550725
71.35144927536231
71.83193236714976
71.92821256038647
64.07642512077295
61.8
57.135024154589374
53.687584541062805
49.47690821256039
45.47903381642512
41.18082125603865
35.58082125603865
31.41632850241546
26.487004830917876
26.831739130434784
32.56289855072464
35.919613526570046
43.01473429951691
50.203768115942026
52.8280193236715
54.54574879227053
56.43019323671498
58.40695652173913
58.10594202898551
57.43386473429952
55.790386473429955
54.50797101449275
44.8875845410628
37.80072463768116
26.586135265700484
22.41
19.61265700483092
13.186908212560386
11.799082125603865
8.00975845410628
13.460434782608695
7.898695652173913
11.167391304347825
11.809710144927536
19.754202898550723
26.81570048309179
35.42623188405797
42.626570048309176
48.68690821256039
54.403623188405795
58.604734299516906
58.70787439613527
54.99111111111111
51.240869565217395
48.35256038647343
41.682657004830915
36.8031884057971
30.80270531400966
22.307971014492754
16.89256038647343
12.975458937198068
10.077149758454107
10.213526570048309
12.997101449275362
15.996521739130435
24.057729468599035
30.431545893719807
41.63159420289855
51.92792270531401
58.152367149758454
60.382222222222225
61.4843961352657
63.198840579710144
64.19657004830918
64.83632850241545
65.08893719806763
64.03874396135265
62.94309178743961
60.99154589371981
57.009565217391305
58.131787439613525
51.59038647342995
47.44555555555556
42.51183574879227
33.665652173913045
31.46328502415459
26.654927536231884
34.5512077294686
36.55497584541063
47.0487922705314
51.99444444444445
56.34951690821256
58.98570048309179
61.40555555555556
61.35512077294686
57.438937198067634
62.39222222222222
59.00676328502416
59.76502415458937
56.465169082125605
51.150579710144925
43.71594202898551
34.47270531400966
28.881304347826088
24.472657004830918
18.793091787439614
13.40256038647343
20.41328502415459
30.000966183574878
34.96574879227053
42.445314009661836
52.28942028985507
55.18772946859903
62.26304347826087
63.37536231884058
66.39256038647343
66.23975845410628
67.21743961352657
66.09985507246377
59.80990338164251
56.10898550724637
49.76579710144927
46.26309178743961
41.30173913043478
33.242946859903384
26.142125603864734
23.377729468599036
16.10729468599034
15.428454106280194
13.53367149758454
26.467874396135265
27.623768115942028
32.88473429951691
38.82555555555555
48.77545893719807
51.02024154589372
56.71574879227053
58.472270531400966
60.27782608695652
60.41975845410628
57.807632850241546
54.46869565217391
54.16
53.32207729468599
51.20913043478261
46.89222222222222
45.61971014492754
43.05371980676328
38.922753623188406
35.72565217391304
32.25144927536232
28.13743961352657
23.42497584541063
23.07893719806763
30.19710144927536
35.32937198067633
40.54280193236715
46.37932367149759
51.441014492753624
57.80478260869565
63.33647342995169
67.59212560386473
69.23173913043479
70.7531884057971
69.84739130434782
67.2471497584541
66.24130434782609
66.48130434782608
62.86072463768116
58.580193236714976
53.112753623188404
End : 2020-09-27 11:44:53.947102___________________________________________
